Our scheme: data outsourcing with k and tau
Computational costs of query processing with n and k
	n = 4000	n = 8000	n = 12000	n = 16000	n = 20000	
k = 4	15484.650000	67148.150000	37278.050000	56200.500000	77934.300000	
k = 6	34988.550000	36336.000000	77873.200000	49064.350000	96953.050000	
k = 8	23737.100000	56929.450000	84892.700000	63885.850000	119071.300000	

